%YAML:1.0
---
CameraMat: !!opencv-matrix
   rows: 3
   cols: 3
   dt: d
   data: [ 1.0835468150134147e+03, 0., 9.4922186600094335e+02, 0.,
       1.0838633802137374e+03, 4.1920229121249963e+02, 0., 0., 1. ]
DistCoeff: !!opencv-matrix
   rows: 1
   cols: 5
   dt: d
   data: [ -1.0931326701291602e-01, 6.2315502380109716e-02,
       3.1998286791491308e-04, 4.4496193647436447e-05, 0. ]
ImageSize: [ 1920, 800 ]
CameraExtrinsicMat: !!opencv-matrix
   rows: 4
   cols: 4
   dt: d
   data: [ 3.2830966986177872e-02, -9.9771742228419513e-01,
       5.9009091480326889e-02, 5.0902978301338073e-04,
       -1.0695450518067135e-02, -5.9388257186973673e-02,
       -9.9817766066292501e-01, -6.1939914048780222e-02,
       9.9940368967948490e-01, 3.2140009005520810e-02,
       -1.2620811232126291e-02, 4.4749064695750192e-02, 0., 0., 0., 1. ]
Pose: [ 5.0902978301338073e-04, -6.1939914048780222e-02,
    4.4749064695750192e-02, 1.5834395057033490e+00,
    5.9043390911951765e-02, 1.5379021184281692e+00 ]
